
.Version 7.4.3 of ABINIT 
.(MPI version, prepared for a i686_cygwin_gnu4.7 computer) 

.Copyright (C) 1998-2013 ABINIT group . 
 ABINIT comes with ABSOLUTELY NO WARRANTY.
 It is free software, and you are welcome to redistribute it
 under certain conditions (GNU General Public License,
 see ~abinit/COPYING or http://www.gnu.org/copyleft/gpl.txt).

 ABINIT is a project of the Universite Catholique de Louvain,
 Corning Inc. and other collaborators, see ~abinit/doc/developers/contributors.txt .
 Please read ~abinit/doc/users/acknowledgments.html for suggested
 acknowledgments of the ABINIT effort.
 For more information, see http://www.abinit.org .

.Starting date : Mon  4 Jun 2018.
- ( at 14h20 )
  

 herald :  WARNING -
  The starting date is more than 3 years after the initial release
  of this version of ABINIT, namely Aug 2013.
  This version of ABINIT is not supported anymore.
  Action : please, switch to a more recent version of ABINIT.
- input  file    -> tdftu_4.in
- output file    -> tdftu_4.out
- root for input  files -> tdftu_4i
- root for output files -> tdftu_4o


 Magnetic group, Shubnikov type IV
 Fedorov space group R-3 m (#166)
 Magnetic Bravais lattice hR_I (rhombohedral, centered magnetic, #31)
================================================================================
 Values of the parameters that define the memory need of the present run
   intxc =         0  ionmov =         0    iscf =        17 xclevel =         1
  lmnmax =        18   lnmax =         6   mband =        40  mffmem =         1
P  mgfft =        40   mkmem =         3 mpssoang=         3     mpw =       691
  mqgrid =      3001   natom =         4    nfft =     16000    nkpt =         3
  nloalg =         4  nspden =         2 nspinor =         1  nsppol =         1
    nsym =        24  n1xccc =         1  ntypat =         2  occopt =         7
 PAW method is used; the additional fine FFT grid is defined by:
   mgfftf=        60    nfftf =     54000
================================================================================
P This job should need less than                      25.070 Mbytes of memory.
  Rough estimation (10% accuracy) of disk space for files :
_ WF disk file :      1.267 Mbytes ; DEN or POT disk file :      0.414 Mbytes.
================================================================================

--------------------------------------------------------------------------------
------------- Echo of variables that govern the present computation ------------
--------------------------------------------------------------------------------
-
- outvars: echo of selected default values                                      
-   accesswff0 =  0 , fftalg0 =112 , wfoptalg0 = 10
-
- outvars: echo of global parameters not present in the input file              
-  max_nthreads =    0
-
 -outvars: echo values of preprocessed input variables --------
            acell      7.9200000000E+00  7.9200000000E+00  7.9200000000E+00 Bohr
              amu      5.86900000E+01  1.59994000E+01
      chksymbreak           0
         dmatpawu        0.90036    0.00000   -0.00003    0.00000    0.00000
                         0.00000    0.90036   -0.00001    0.00000    0.00002
                        -0.00003   -0.00001    0.91309   -0.00001    0.00000
                         0.00000    0.00000   -0.00001    0.90036   -0.00002
                         0.00000    0.00002    0.00000   -0.00002    0.91309
                         0.89677   -0.00001    0.00011   -0.00001    0.00000
                        -0.00001    0.89677    0.00006    0.00001   -0.00010
                         0.00011    0.00006    0.11580    0.00006    0.00000
                        -0.00001    0.00001    0.00006    0.89677    0.00010
                         0.00000   -0.00010    0.00000    0.00010    0.11580
             ecut      1.50000000E+01 Hartree
              ixc           7
            jpawu      2.93994603E-02  0.00000000E+00
              kpt      2.50000000E-01  2.50000000E-01  2.50000000E-01
                      -2.50000000E-01  2.50000000E-01  2.50000000E-01
                      -2.50000000E-01 -2.50000000E-01  2.50000000E-01
         kptrlatt        2    0    0      0    2    0      0    0    2
          kptrlen      1.12005714E+01
            lpawu           2      -1
P           mkmem           3
            natom           4
            nband          40
            ngfft          20      20      40
          ngfftdg          30      30      60
             nkpt           3
           nspden           2
            nstep          50
             nsym          24
           ntypat           2
              occ      2.000000  2.000000  2.000000  2.000000  2.000000  2.000000
                       2.000000  2.000000  2.000000  2.000000  2.000000  2.000000
                       2.000000  2.000000  2.000000  2.000000  2.000000  2.000000
                       2.000000  2.000000  2.000000  2.000000  2.000000  2.000000
                       0.000000  0.000000  0.000000  0.000000  0.000000  0.000000
                       0.000000  0.000000  0.000000  0.000000  0.000000  0.000000
                       0.000000  0.000000  0.000000  0.000000
                       2.000000  2.000000  2.000000  2.000000  2.000000  2.000000
                       2.000000  2.000000  2.000000  2.000000  2.000000  2.000000
                       2.000000  2.000000  2.000000  2.000000  2.000000  2.000000
                       2.000000  2.000000  2.000000  2.000000  2.000000  2.000000
                       0.000000  0.000000  0.000000  0.000000  0.000000  0.000000
                       0.000000  0.000000  0.000000  0.000000  0.000000  0.000000
                       0.000000  0.000000  0.000000  0.000000
                       2.000000  2.000000  2.000000  2.000000  2.000000  2.000000
                       2.000000  2.000000  2.000000  2.000000  2.000000  2.000000
                       2.000000  2.000000  2.000000  2.000000  2.000000  2.000000
                       2.000000  2.000000  2.000000  2.000000  2.000000  2.000000
                       0.000000  0.000000  0.000000  0.000000  0.000000  0.000000
                       0.000000  0.000000  0.000000  0.000000  0.000000  0.000000
                       0.000000  0.000000  0.000000  0.000000
           occopt           7
        pawecutdg      3.00000000E+01 Hartree
        prtdensph           1
            rprim      0.0000000000E+00  5.0000000000E-01  5.0000000000E-01
                       5.0000000000E-01  0.0000000000E+00  5.0000000000E-01
                       1.0000000000E+00  1.0000000000E+00  0.0000000000E+00
           shiftk      5.00000000E-01  5.00000000E-01  5.00000000E-01
          spgroup         166
           spinat      0.0000000000E+00  0.0000000000E+00  1.0000000000E+00
                       0.0000000000E+00  0.0000000000E+00 -1.0000000000E+00
                       0.0000000000E+00  0.0000000000E+00  0.0000000000E+00
                       0.0000000000E+00  0.0000000000E+00  0.0000000000E+00
           symafm        1   -1    1   -1    1   -1    1   -1    1   -1
                         1   -1    1   -1    1   -1    1   -1    1   -1
                         1   -1    1   -1
           symrel      1  0  0   0  1  0   0  0  1       1  0  0   0  1  0   0  0  1
                      -1  0  0   0 -1  0   0  0 -1      -1  0  0   0 -1  0   0  0 -1
                       0  1  0   1  0  0   0  0  1       0  1  0   1  0  0   0  0  1
                       0 -1  0  -1  0  0   0  0 -1       0 -1  0  -1  0  0   0  0 -1
                       0 -1  0   1 -1  0   0 -2  1       0 -1  0   1 -1  0   0 -2  1
                       0  1  0  -1  1  0   0  2 -1       0  1  0  -1  1  0   0  2 -1
                       1 -1  0   0 -1  0   0 -2  1       1 -1  0   0 -1  0   0 -2  1
                      -1  1  0   0  1  0   0  2 -1      -1  1  0   0  1  0   0  2 -1
                      -1  1  0  -1  0  0  -2  0  1      -1  1  0  -1  0  0  -2  0  1
                       1 -1  0   1  0  0   2  0 -1       1 -1  0   1  0  0   2  0 -1
                      -1  0  0  -1  1  0  -2  0  1      -1  0  0  -1  1  0  -2  0  1
                       1  0  0   1 -1  0   2  0 -1       1  0  0   1 -1  0   2  0 -1
            tnons      0.0000000  0.0000000  0.0000000     0.0000000  0.0000000  0.5000000
                       0.0000000  0.0000000  0.0000000     0.0000000  0.0000000  0.5000000
                       0.0000000  0.0000000  0.0000000     0.0000000  0.0000000  0.5000000
                       0.0000000  0.0000000  0.0000000     0.0000000  0.0000000  0.5000000
                       0.0000000  0.0000000  0.0000000     0.0000000  0.0000000  0.5000000
                       0.0000000  0.0000000  0.0000000     0.0000000  0.0000000  0.5000000
                       0.0000000  0.0000000  0.0000000     0.0000000  0.0000000  0.5000000
                       0.0000000  0.0000000  0.0000000     0.0000000  0.0000000  0.5000000
                       0.0000000  0.0000000  0.0000000     0.0000000  0.0000000  0.5000000
                       0.0000000  0.0000000  0.0000000     0.0000000  0.0000000  0.5000000
                       0.0000000  0.0000000  0.0000000     0.0000000  0.0000000  0.5000000
                       0.0000000  0.0000000  0.0000000     0.0000000  0.0000000  0.5000000
           toldfe      1.00000000E-06 Hartree
           tsmear      1.50000000E-02 Hartree
            typat      1  1  2  2
            upawu      2.93994603E-01  0.00000000E+00
        usedmatpu           5
          usepawu           2
           useylm           1
              wtk        0.25000    0.50000    0.25000
           xangst      0.0000000000E+00  0.0000000000E+00  0.0000000000E+00
                       2.0955417460E+00  2.0955417460E+00  0.0000000000E+00
                       2.0955417460E+00  2.0955417460E+00  2.0955417460E+00
                       4.1910834920E+00  4.1910834920E+00  2.0955417460E+00
            xcart      0.0000000000E+00  0.0000000000E+00  0.0000000000E+00
                       3.9600000000E+00  3.9600000000E+00  0.0000000000E+00
                       3.9600000000E+00  3.9600000000E+00  3.9600000000E+00
                       7.9200000000E+00  7.9200000000E+00  3.9600000000E+00
             xred      0.0000000000E+00  0.0000000000E+00  0.0000000000E+00
                       0.0000000000E+00  0.0000000000E+00  5.0000000000E-01
                       5.0000000000E-01  5.0000000000E-01  2.5000000000E-01
                       5.0000000000E-01  5.0000000000E-01  7.5000000000E-01
            znucl       28.00000    8.00000

================================================================================

 chkinp: Checking input parameters for consistency.

================================================================================
== DATASET  1 ==================================================================
-   nproc =    1

 Exchange-correlation functional for the present dataset will be:
  LDA: Perdew-Wang 92 LSD fit to Ceperley-Alder data - ixc=7
 Citation for XC functional:
  J.P.Perdew and Y.Wang, PRB 45, 13244 (1992)

 Real(R)+Recip(G) space primitive vectors, cartesian coordinates (Bohr,Bohr^-1):
 R(1)=  0.0000000  3.9600000  3.9600000  G(1)= -0.1262626  0.1262626  0.1262626
 R(2)=  3.9600000  0.0000000  3.9600000  G(2)=  0.1262626 -0.1262626  0.1262626
 R(3)=  7.9200000  7.9200000  0.0000000  G(3)=  0.0631313  0.0631313 -0.0631313
 Unit cell volume ucvol=  2.4839654E+02 bohr^3
 Angles (23,13,12)=  6.00000000E+01  6.00000000E+01  6.00000000E+01 degrees

 Coarse grid specifications (used for wave-functions):

 getcut: wavevector=  0.0000  0.0000  0.0000  ngfft=  20  20  40
         ecut(hartree)=     15.000   => boxcut(ratio)=   2.04837

 Fine grid specifications (used for densities):

 getcut: wavevector=  0.0000  0.0000  0.0000  ngfft=  30  30  60
         ecut(hartree)=     30.000   => boxcut(ratio)=   2.17444

--- Pseudopotential description ------------------------------------------------
- pspini: atom type   1  psp file is 28ni.paw
- pspatm: opening atomic psp file    28ni.paw
- Paw atomic data for element Ni - Generated by AtomPAW (N. Holzwarth) + AtomPAW2Abinit v3.0.5
- 28.00000  18.00000  20061204                znucl, zion, pspdat
    7    7    2    0       350   0.00000      pspcod,pspxc,lmax,lloc,mmax,r2well
 Pseudopotential format is: paw3
 basis_size (lnmax)=  5 (lmn_size= 13), orbitals=   0   0   1   1   2
 Spheres core radius: rc_sph= 2.30000000
 3 radial meshes are used:
  - mesh 1: r(i)=AA*exp(BB*(i-2)), size= 350 , AA= 0.11804E-04 BB= 0.35000E-01
  - mesh 2: r(i)=step*(i-1), size= 921 , step= 0.25000E-02
  - mesh 3: r(i)=AA*exp(BB*(i-2)), size= 391 , AA= 0.11804E-04 BB= 0.35000E-01
 Shapefunction is SIN type: shapef(r)=[sin(pi*r/rshp)/(pi*r/rshp)]**2
 Radius for shape functions = sphere core radius
 Radial grid used for partial waves is grid 1
 Radial grid used for projectors is grid  2
 Radial grid used for (t)core density is grid 1
 Radial grid used for Vloc is grid 3

 psp7calc: WARNING -
  Atomic data could produce inaccurate results:
    Wavefunctions and pseudo-wavefunctions should
    be given on a radial mesh larger than the PAW
    spheres (at least 2 additional points) !
  Action: check your pseudopotential file.
 pspatm: atomic psp has been read  and splines computed

- pspini: atom type   2  psp file is 8o.2.paw
- pspatm: opening atomic psp file    8o.2.paw
- Paw atomic data extracted from US-psp (D.Vanderbilt): Oxygen
-  8.00000   6.00000  20050722                znucl, zion, pspdat
    7   11    2    0       489   0.00000      pspcod,pspxc,lmax,lloc,mmax,r2well
 Pseudopotential format is: paw3
 basis_size (lnmax)=  6 (lmn_size= 18), orbitals=   0   0   1   1   2   2
 Spheres core radius: rc_sph= 1.21105161
 4 radial meshes are used:
  - mesh 1: r(i)=AA*[exp(BB*(i-1))-1], size= 489 , AA= 0.30984E-03 BB= 0.16949E-01
  - mesh 2: r(i)=AA*[exp(BB*(i-1))-1], size= 548 , AA= 0.30984E-03 BB= 0.16949E-01
  - mesh 3: r(i)=AA*[exp(BB*(i-1))-1], size= 509 , AA= 0.30984E-03 BB= 0.16949E-01
  - mesh 4: r(i)=AA*[exp(BB*(i-1))-1], size= 613 , AA= 0.30984E-03 BB= 0.16949E-01
 Shapefunction is SIN type: shapef(r)=[sin(pi*r/rshp)/(pi*r/rshp)]**2
 Radius for shape functions = sphere core radius
 Radial grid used for partial waves is grid 1
 Radial grid used for projectors is grid  2
 Radial grid used for (t)core density is grid 3
 Radial grid used for Vloc is grid 4

 psp7calc: WARNING -
  Atomic data could produce inaccurate results:
    Wavefunctions and pseudo-wavefunctions should
    be given on a radial mesh larger than the PAW
    spheres (at least 2 additional points) !
  Action: check your pseudopotential file.
 pspatm: atomic psp has been read  and splines computed

   5.32753584E+03                                ecore*ucvol(ha*bohr**3)
--------------------------------------------------------------------------------

P newkpt: treating     40 bands with npw=     685 for ikpt=   1 by node    0
P newkpt: treating     40 bands with npw=     691 for ikpt=   2 by node    0
P newkpt: treating     40 bands with npw=     678 for ikpt=   3 by node    0

_setup2: Arith. and geom. avg. npw (full set) are     686.250     686.229


 ******************************************
 LDA+U Method used: AMF
 ******************************************

================================================================================

     iter   Etot(hartree)      deltaE(h)  residm     nres2
 ETOT  1  -373.39802712176    -3.734E+02 1.040E+01 2.546E+02
 ETOT  2  -377.56832210650    -4.170E+00 3.483E-02 1.554E+02
 ETOT  3  -375.94285295184     1.625E+00 1.848E-02 2.085E+01
 ETOT  4  -374.78383020725     1.159E+00 1.412E-02 1.450E+00
 ETOT  5  -374.54592981912     2.379E-01 1.404E-03 3.422E-01
 ETOT  6  -373.27249239116     1.273E+00 7.915E-03 2.614E+00
 ETOT  7  -373.26299410849     9.498E-03 9.403E-04 8.558E-01
 ETOT  8  -373.26138705462     1.607E-03 2.657E-04 2.185E-01
 ETOT  9  -373.26164510531    -2.581E-04 9.035E-05 5.033E-02
 ETOT 10  -373.26190791974    -2.628E-04 1.528E-04 5.634E-02
 ETOT 11  -373.26164153193     2.664E-04 7.995E-05 3.893E-03
 ETOT 12  -373.26164673469    -5.203E-06 1.494E-05 5.565E-04
 ETOT 13  -373.26164866779    -1.933E-06 9.767E-05 3.872E-04
 ETOT 14  -373.26164763283     1.035E-06 8.655E-06 1.991E-05
 ETOT 15  -373.26164777334    -1.405E-07 6.777E-05 6.015E-06
 ETOT 16  -373.26164775181     2.153E-08 5.926E-06 3.322E-07

 At SCF step   16, etot is converged : 
  for the second time, diff in etot=  2.153E-08 < toldfe=  1.000E-06

 Cartesian components of stress tensor (hartree/bohr^3)
  sigma(1 1)=  8.60866953E-04  sigma(3 2)=  4.03213333E-05
  sigma(2 2)=  8.60866953E-04  sigma(3 1)=  4.03213333E-05
  sigma(3 3)=  8.60866953E-04  sigma(2 1)= -4.03213333E-05


 Integrated total density in atomic spheres:
 -------------------------------------------
 Atom  Sphere radius  Integrated_up_density  Integrated_dn_density  Total(up+dn)   Diff(up-dn)
    1        2.30000             9.24026835             7.56013140   16.80039975    1.68013694
    2        2.30000             7.56013140             9.24026835   16.80039975   -1.68013694
    3        1.21105             1.84683993             1.84683993    3.69367986   -0.00000000
    4        1.21105             1.84683993             1.84683993    3.69367986   -0.00000000
 Note: Diff(up-dn) can be considered as a rough approximation of a local magnetic moment.



 PAW TEST:
 ==== Compensation charge inside spheres ============
 The following values must be close to each other ...
 Compensation charge over spherical meshes =     22.071713787316007
 Compensation charge over fine fft grid    =     22.071805686477635

 ==== Results concerning PAW augmentation regions ====

 Total pseudopotential strength Dij (hartree):
 Atom #  1 - Spin component 1
  -2.86407  -0.95233   0.00000   0.00000   0.00000   0.00000   0.00000   0.00000  -0.00001   0.00001   0.00000   0.00001 ...
  -0.95233  -0.57028   0.00000   0.00000   0.00000   0.00000   0.00000   0.00000  -0.00000   0.00000   0.00000   0.00000 ...
   0.00000   0.00000  -2.28088   0.00001  -0.00001  -0.51185  -0.00000   0.00000   0.00000   0.00000   0.00000   0.00000 ...
   0.00000   0.00000   0.00001  -2.28088   0.00001  -0.00000  -0.51185  -0.00000   0.00000   0.00000   0.00000   0.00000 ...
   0.00000   0.00000  -0.00001   0.00001  -2.28088   0.00000  -0.00000  -0.51185   0.00000   0.00000   0.00000   0.00000 ...
   0.00000   0.00000  -0.51185  -0.00000   0.00000  -0.32238   0.00000  -0.00000   0.00000   0.00000   0.00000   0.00000 ...
   0.00000   0.00000  -0.00000  -0.51185  -0.00000   0.00000  -0.32238   0.00000   0.00000   0.00000   0.00000   0.00000 ...
   0.00000   0.00000   0.00000  -0.00000  -0.51185  -0.00000   0.00000  -0.32238   0.00000   0.00000   0.00000   0.00000 ...
  -0.00001  -0.00000   0.00000   0.00000   0.00000   0.00000   0.00000   0.00000  -0.33513   0.00001   0.00015   0.00001 ...
   0.00001   0.00000   0.00000   0.00000   0.00000   0.00000   0.00000   0.00000   0.00001  -0.33513   0.00008  -0.00001 ...
   0.00000   0.00000   0.00000   0.00000   0.00000   0.00000   0.00000   0.00000   0.00015   0.00008  -0.39711   0.00008 ...
   0.00001   0.00000   0.00000   0.00000   0.00000   0.00000   0.00000   0.00000   0.00001  -0.00001   0.00008  -0.33513 ...
   ...  only 12  components have been written...
 Atom #  1 - Spin component 2
  -2.82590  -0.93637   0.00000   0.00000   0.00000   0.00000   0.00000   0.00000   0.00005  -0.00005   0.00000  -0.00005 ...
  -0.93637  -0.56933   0.00000   0.00000   0.00000   0.00000   0.00000   0.00000   0.00000  -0.00000   0.00000  -0.00000 ...
   0.00000   0.00000  -2.22972  -0.00004   0.00004  -0.49726  -0.00001   0.00001   0.00000   0.00000   0.00000   0.00000 ...
   0.00000   0.00000  -0.00004  -2.22972  -0.00004  -0.00001  -0.49726  -0.00001   0.00000   0.00000   0.00000   0.00000 ...
   0.00000   0.00000   0.00004  -0.00004  -2.22972   0.00001  -0.00001  -0.49726   0.00000   0.00000   0.00000   0.00000 ...
   0.00000   0.00000  -0.49726  -0.00001   0.00001  -0.31976   0.00000  -0.00000   0.00000   0.00000   0.00000   0.00000 ...
   0.00000   0.00000  -0.00001  -0.49726  -0.00001   0.00000  -0.31976   0.00000   0.00000   0.00000   0.00000   0.00000 ...
   0.00000   0.00000   0.00001  -0.00001  -0.49726  -0.00000   0.00000  -0.31976   0.00000   0.00000   0.00000   0.00000 ...
   0.00005   0.00000   0.00000   0.00000   0.00000   0.00000   0.00000   0.00000  -0.41660   0.00003  -0.00030   0.00003 ...
  -0.00005  -0.00000   0.00000   0.00000   0.00000   0.00000   0.00000   0.00000   0.00003  -0.41660  -0.00015  -0.00003 ...
   0.00000   0.00000   0.00000   0.00000   0.00000   0.00000   0.00000   0.00000  -0.00030  -0.00015  -0.15995  -0.00015 ...
  -0.00005  -0.00000   0.00000   0.00000   0.00000   0.00000   0.00000   0.00000   0.00003  -0.00003  -0.00015  -0.41660 ...
   ...  only 12  components have been written...
 Atom #  4 - Spin component 1
   0.64320   1.08245   0.00019  -0.00019   0.00019   0.00029  -0.00029   0.00029  -0.00002   0.00002   0.00000   0.00002 ...
   1.08245   1.81863   0.00030  -0.00030   0.00030   0.00047  -0.00047   0.00047  -0.00003   0.00003   0.00000   0.00003 ...
   0.00019   0.00030  -0.28961  -0.00006   0.00006  -0.32781  -0.00008   0.00008  -0.00009   0.00009   0.00004  -0.00000 ...
  -0.00019  -0.00030  -0.00006  -0.28961  -0.00006  -0.00008  -0.32781  -0.00008  -0.00000  -0.00009   0.00008  -0.00009 ...
   0.00019   0.00030   0.00006  -0.00006  -0.28961   0.00008  -0.00008  -0.32781  -0.00009  -0.00000   0.00004   0.00009 ...
   0.00029   0.00047  -0.32781  -0.00008   0.00008  -0.33682  -0.00011   0.00011  -0.00013   0.00013   0.00006  -0.00000 ...
  -0.00029  -0.00047  -0.00008  -0.32781  -0.00008  -0.00011  -0.33682  -0.00011  -0.00000  -0.00013   0.00011  -0.00013 ...
   0.00029   0.00047   0.00008  -0.00008  -0.32781   0.00011  -0.00011  -0.33682  -0.00013  -0.00000   0.00006   0.00013 ...
  -0.00002  -0.00003  -0.00009  -0.00000  -0.00009  -0.00013  -0.00000  -0.00013  -0.01643  -0.00001  -0.00001  -0.00001 ...
   0.00002   0.00003   0.00009  -0.00009  -0.00000   0.00013  -0.00013  -0.00000  -0.00001  -0.01643  -0.00000   0.00001 ...
   0.00000   0.00000   0.00004   0.00008   0.00004   0.00006   0.00011   0.00006  -0.00001  -0.00000  -0.01645  -0.00000 ...
   0.00002   0.00003  -0.00000  -0.00009   0.00009  -0.00000  -0.00013   0.00013  -0.00001   0.00001  -0.00000  -0.01643 ...
   ...  only 12  components have been written...
 Atom #  4 - Spin component 2
   0.64320   1.08245  -0.00019   0.00019  -0.00019  -0.00029   0.00029  -0.00029  -0.00002   0.00002   0.00000   0.00002 ...
   1.08245   1.81863  -0.00030   0.00030  -0.00030  -0.00047   0.00047  -0.00047  -0.00003   0.00003   0.00000   0.00003 ...
  -0.00019  -0.00030  -0.28961  -0.00006   0.00006  -0.32781  -0.00008   0.00008   0.00009  -0.00009  -0.00004   0.00000 ...
   0.00019   0.00030  -0.00006  -0.28961  -0.00006  -0.00008  -0.32781  -0.00008   0.00000   0.00009  -0.00008   0.00009 ...
  -0.00019  -0.00030   0.00006  -0.00006  -0.28961   0.00008  -0.00008  -0.32781   0.00009   0.00000  -0.00004  -0.00009 ...
  -0.00029  -0.00047  -0.32781  -0.00008   0.00008  -0.33682  -0.00011   0.00011   0.00013  -0.00013  -0.00006   0.00000 ...
   0.00029   0.00047  -0.00008  -0.32781  -0.00008  -0.00011  -0.33682  -0.00011   0.00000   0.00013  -0.00011   0.00013 ...
  -0.00029  -0.00047   0.00008  -0.00008  -0.32781   0.00011  -0.00011  -0.33682   0.00013   0.00000  -0.00006  -0.00013 ...
  -0.00002  -0.00003   0.00009   0.00000   0.00009   0.00013   0.00000   0.00013  -0.01643  -0.00001  -0.00001  -0.00001 ...
   0.00002   0.00003  -0.00009   0.00009   0.00000  -0.00013   0.00013   0.00000  -0.00001  -0.01643  -0.00000   0.00001 ...
   0.00000   0.00000  -0.00004  -0.00008  -0.00004  -0.00006  -0.00011  -0.00006  -0.00001  -0.00000  -0.01645  -0.00000 ...
   0.00002   0.00003   0.00000   0.00009  -0.00009   0.00000   0.00013  -0.00013  -0.00001   0.00001  -0.00000  -0.01643 ...
   ...  only 12  components have been written...


 Augmentation waves occupancies Rhoij:
 Atom #  1 - Spin component 1
   1.03939  -0.09129   0.00000   0.00000   0.00000   0.00000   0.00000   0.00000   0.00047  -0.00047   0.00000  -0.00047 ...
  -0.09129   0.21215   0.00000   0.00000   0.00000   0.00000   0.00000   0.00000  -0.00109   0.00109   0.00000   0.00109 ...
   0.00000   0.00000   1.01222  -0.00025   0.00025  -0.04945   0.00075  -0.00075   0.00000   0.00000   0.00000   0.00000 ...
   0.00000   0.00000  -0.00025   1.01222  -0.00025   0.00075  -0.04945   0.00075   0.00000   0.00000   0.00000   0.00000 ...
   0.00000   0.00000   0.00025  -0.00025   1.01222  -0.00075   0.00075  -0.04945   0.00000   0.00000   0.00000   0.00000 ...
   0.00000   0.00000  -0.04945   0.00075  -0.00075   0.20123  -0.00238   0.00238   0.00000   0.00000   0.00000   0.00000 ...
   0.00000   0.00000   0.00075  -0.04945   0.00075  -0.00238   0.20123  -0.00238   0.00000   0.00000   0.00000   0.00000 ...
   0.00000   0.00000  -0.00075   0.00075  -0.04945   0.00238  -0.00238   0.20123   0.00000   0.00000   0.00000   0.00000 ...
   0.00047  -0.00109   0.00000   0.00000   0.00000   0.00000   0.00000   0.00000   0.98268  -0.00010  -0.00040  -0.00010 ...
  -0.00047   0.00109   0.00000   0.00000   0.00000   0.00000   0.00000   0.00000  -0.00010   0.98268  -0.00020   0.00010 ...
   0.00000   0.00000   0.00000   0.00000   0.00000   0.00000   0.00000   0.00000  -0.00040  -0.00020   1.02121  -0.00020 ...
  -0.00047   0.00109   0.00000   0.00000   0.00000   0.00000   0.00000   0.00000  -0.00010   0.00010  -0.00020   0.98268 ...
   ...  only 12  components have been written...
 Atom #  1 - Spin component 2
   1.03738  -0.08970   0.00000   0.00000   0.00000   0.00000   0.00000   0.00000   0.00012  -0.00012   0.00000  -0.00012 ...
  -0.08970   0.21660   0.00000   0.00000   0.00000   0.00000   0.00000   0.00000  -0.00027   0.00027   0.00000   0.00027 ...
   0.00000   0.00000   1.00647  -0.00050   0.00050  -0.04094   0.00144  -0.00144   0.00000   0.00000   0.00000   0.00000 ...
   0.00000   0.00000  -0.00050   1.00647  -0.00050   0.00144  -0.04094   0.00144   0.00000   0.00000   0.00000   0.00000 ...
   0.00000   0.00000   0.00050  -0.00050   1.00647  -0.00144   0.00144  -0.04094   0.00000   0.00000   0.00000   0.00000 ...
   0.00000   0.00000  -0.04094   0.00144  -0.00144   0.20358  -0.00428   0.00428   0.00000   0.00000   0.00000   0.00000 ...
   0.00000   0.00000   0.00144  -0.04094   0.00144  -0.00428   0.20358  -0.00428   0.00000   0.00000   0.00000   0.00000 ...
   0.00000   0.00000  -0.00144   0.00144  -0.04094   0.00428  -0.00428   0.20358   0.00000   0.00000   0.00000   0.00000 ...
   0.00012  -0.00027   0.00000   0.00000   0.00000   0.00000   0.00000   0.00000   1.00426  -0.00011   0.00102  -0.00011 ...
  -0.00012   0.00027   0.00000   0.00000   0.00000   0.00000   0.00000   0.00000  -0.00011   1.00426   0.00051   0.00011 ...
   0.00000   0.00000   0.00000   0.00000   0.00000   0.00000   0.00000   0.00000   0.00102   0.00051   0.09334   0.00051 ...
  -0.00012   0.00027   0.00000   0.00000   0.00000   0.00000   0.00000   0.00000  -0.00011   0.00011   0.00051   1.00426 ...
   ...  only 12  components have been written...
 Atom #  4 - Spin component 1
   1.06857  -0.06154   0.00206  -0.00206   0.00206  -0.00257   0.00257  -0.00257  -0.00321   0.00321   0.00000   0.00321 ...
  -0.06154   0.01221  -0.00686   0.00686  -0.00686  -0.00143   0.00143  -0.00143   0.00017  -0.00017   0.00000  -0.00017 ...
   0.00206  -0.00686   1.03101  -0.00046   0.00046  -0.12183  -0.00090   0.00090  -0.00772   0.00772   0.00260   0.00016 ...
  -0.00206   0.00686  -0.00046   1.03101  -0.00046  -0.00090  -0.12183  -0.00090   0.00016  -0.00772   0.00520  -0.00772 ...
   0.00206  -0.00686   0.00046  -0.00046   1.03101   0.00090  -0.00090  -0.12183  -0.00772   0.00016   0.00260   0.00772 ...
  -0.00257  -0.00143  -0.12183  -0.00090   0.00090   0.02286  -0.00016   0.00016   0.00083  -0.00083  -0.00069   0.00011 ...
   0.00257   0.00143  -0.00090  -0.12183  -0.00090  -0.00016   0.02286  -0.00016   0.00011   0.00083  -0.00139   0.00083 ...
  -0.00257  -0.00143   0.00090  -0.00090  -0.12183   0.00016  -0.00016   0.02286   0.00083   0.00011  -0.00069  -0.00083 ...
  -0.00321   0.00017  -0.00772   0.00016  -0.00772   0.00083   0.00011   0.00083   0.01060  -0.00012   0.00094  -0.00012 ...
   0.00321  -0.00017   0.00772  -0.00772   0.00016  -0.00083   0.00083   0.00011  -0.00012   0.01060   0.00047   0.00012 ...
   0.00000   0.00000   0.00260   0.00520   0.00260  -0.00069  -0.00139  -0.00069   0.00094   0.00047   0.00838   0.00047 ...
   0.00321  -0.00017   0.00016  -0.00772   0.00772   0.00011   0.00083  -0.00083  -0.00012   0.00012   0.00047   0.01060 ...
   ...  only 12  components have been written...
 Atom #  4 - Spin component 2
   1.06857  -0.06154  -0.00206   0.00206  -0.00206   0.00257  -0.00257   0.00257  -0.00321   0.00321   0.00000   0.00321 ...
  -0.06154   0.01221   0.00686  -0.00686   0.00686   0.00143  -0.00143   0.00143   0.00017  -0.00017   0.00000  -0.00017 ...
  -0.00206   0.00686   1.03101  -0.00046   0.00046  -0.12183  -0.00090   0.00090   0.00772  -0.00772  -0.00260  -0.00016 ...
   0.00206  -0.00686  -0.00046   1.03101  -0.00046  -0.00090  -0.12183  -0.00090  -0.00016   0.00772  -0.00520   0.00772 ...
  -0.00206   0.00686   0.00046  -0.00046   1.03101   0.00090  -0.00090  -0.12183   0.00772  -0.00016  -0.00260  -0.00772 ...
   0.00257   0.00143  -0.12183  -0.00090   0.00090   0.02286  -0.00016   0.00016  -0.00083   0.00083   0.00069  -0.00011 ...
  -0.00257  -0.00143  -0.00090  -0.12183  -0.00090  -0.00016   0.02286  -0.00016  -0.00011  -0.00083   0.00139  -0.00083 ...
   0.00257   0.00143   0.00090  -0.00090  -0.12183   0.00016  -0.00016   0.02286  -0.00083  -0.00011   0.00069   0.00083 ...
  -0.00321   0.00017   0.00772  -0.00016   0.00772  -0.00083  -0.00011  -0.00083   0.01060  -0.00012   0.00094  -0.00012 ...
   0.00321  -0.00017  -0.00772   0.00772  -0.00016   0.00083  -0.00083  -0.00011  -0.00012   0.01060   0.00047   0.00012 ...
   0.00000   0.00000  -0.00260  -0.00520  -0.00260   0.00069   0.00139   0.00069   0.00094   0.00047   0.00838   0.00047 ...
   0.00321  -0.00017  -0.00016   0.00772  -0.00772  -0.00011  -0.00083   0.00083  -0.00012   0.00012   0.00047   0.01060 ...
   ...  only 12  components have been written...

 "PAW+U" part of augmentation waves occupancies Rhoij:
 Atom #  1 - L=2 ONLY - Spin component 1
   0.98268  -0.00010  -0.00040  -0.00010   0.00000
  -0.00010   0.98268  -0.00020   0.00010   0.00034
  -0.00040  -0.00020   1.02121  -0.00020   0.00000
  -0.00010   0.00010  -0.00020   0.98268  -0.00034
   0.00000   0.00034   0.00000  -0.00034   1.02121
 Atom #  1 - L=2 ONLY - Spin component 2
   1.00426  -0.00011   0.00102  -0.00011   0.00000
  -0.00011   1.00426   0.00051   0.00011  -0.00088
   0.00102   0.00051   0.09334   0.00051   0.00000
  -0.00011   0.00011   0.00051   1.00426   0.00088
   0.00000  -0.00088   0.00000   0.00088   0.09334
 Atom #  2 - L=2 ONLY - Spin component 1
   1.00426  -0.00011   0.00102  -0.00011   0.00000
  -0.00011   1.00426   0.00051   0.00011  -0.00088
   0.00102   0.00051   0.09334   0.00051   0.00000
  -0.00011   0.00011   0.00051   1.00426   0.00088
   0.00000  -0.00088   0.00000   0.00088   0.09334
 Atom #  2 - L=2 ONLY - Spin component 2
   0.98268  -0.00010  -0.00040  -0.00010   0.00000
  -0.00010   0.98268  -0.00020   0.00010   0.00034
  -0.00040  -0.00020   1.02121  -0.00020   0.00000
  -0.00010   0.00010  -0.00020   0.98268  -0.00034
   0.00000   0.00034   0.00000  -0.00034   1.02121

 ---------- LDA+U DATA ---------------------------------------------------

 ====== For Atom     1, occupations for correlated orbitals. lpawu =   2

 Atom   1. Occ. for lpawu and for spin  1 =   4.79439
 Atom   1. Occ. for lpawu and for spin  2 =   3.07376
 => On atom   1,  local Mag. for lpawu is       -1.720634

 == Occupation matrix for correlated orbitals:

 Occupation matrix for spin  1
     0.94407   -0.00010   -0.00038   -0.00010    0.00000
    -0.00010    0.94407   -0.00019    0.00010    0.00033
    -0.00038   -0.00019    0.98109   -0.00019    0.00000
    -0.00010    0.00010   -0.00019    0.94407   -0.00033
     0.00000    0.00033    0.00000   -0.00033    0.98109


 Occupation matrix for spin  2
     0.96480   -0.00010    0.00098   -0.00010    0.00000
    -0.00010    0.96480    0.00049    0.00010   -0.00084
     0.00098    0.00049    0.08967    0.00049    0.00000
    -0.00010    0.00010    0.00049    0.96480    0.00084
     0.00000   -0.00084    0.00000    0.00084    0.08967


 ====== For Atom     2, occupations for correlated orbitals. lpawu =   2

 Atom   2. Occ. for lpawu and for spin  1 =   3.07376
 Atom   2. Occ. for lpawu and for spin  2 =   4.79439
 => On atom   2,  local Mag. for lpawu is        1.720634

 == Occupation matrix for correlated orbitals:

 Occupation matrix for spin  1
     0.96480   -0.00010    0.00098   -0.00010    0.00000
    -0.00010    0.96480    0.00049    0.00010   -0.00084
     0.00098    0.00049    0.08967    0.00049    0.00000
    -0.00010    0.00010    0.00049    0.96480    0.00084
     0.00000   -0.00084    0.00000    0.00084    0.08967


 Occupation matrix for spin  2
     0.94407   -0.00010   -0.00038   -0.00010    0.00000
    -0.00010    0.94407   -0.00019    0.00010    0.00033
    -0.00038   -0.00019    0.98109   -0.00019    0.00000
    -0.00010    0.00010   -0.00019    0.94407   -0.00033
     0.00000    0.00033    0.00000   -0.00033    0.98109



================================================================================

 ----iterations are completed or convergence reached----

 Mean square residual over all n,k,spin=   6.0561E-08; max=  5.9262E-06
   0.2500  0.2500  0.2500    1  4.58303E-09 kpt; spin; max resid(k); each band:
  6.99E-10 6.02E-10 6.90E-10 7.20E-10 7.57E-10 5.73E-10 6.01E-10 5.94E-10
  2.35E-10 3.45E-10 3.63E-09 3.84E-09 3.01E-09 3.63E-09 2.58E-09 1.73E-09
  2.21E-09 4.58E-09 3.93E-09 2.52E-09 3.22E-09 2.27E-09 3.78E-09 3.74E-09
  3.26E-09 1.89E-09 3.83E-09 1.71E-09 1.02E-09 1.52E-09 2.12E-09 1.44E-09
  2.08E-09 1.84E-09 1.90E-09 1.94E-09 1.34E-09 1.03E-09 2.34E-09 1.40E-09
  -0.2500  0.2500  0.2500    1  2.48354E-08 kpt; spin; max resid(k); each band:
  7.82E-10 6.82E-10 6.62E-10 7.40E-10 7.02E-10 5.43E-10 5.78E-10 6.28E-10
  3.13E-10 4.19E-10 3.31E-09 3.38E-09 3.87E-09 3.99E-09 3.98E-09 4.11E-09
  2.68E-09 1.52E-09 4.08E-09 2.27E-09 2.00E-09 1.97E-09 3.51E-09 3.58E-09
  1.47E-09 1.78E-09 2.09E-09 1.22E-09 1.60E-09 1.24E-09 1.78E-09 1.88E-09
  1.53E-09 1.56E-09 1.73E-09 1.77E-09 1.07E-09 1.57E-09 1.02E-09 2.48E-08
  -0.2500 -0.2500  0.2500    1  5.92625E-06 kpt; spin; max resid(k); each band:
  7.39E-10 6.34E-10 7.11E-10 6.85E-10 7.14E-10 5.63E-10 6.06E-10 5.50E-10
  2.35E-10 3.17E-10 3.46E-09 3.64E-09 2.85E-09 2.95E-09 4.41E-09 1.53E-09
  2.98E-09 4.79E-09 3.27E-09 3.93E-09 2.35E-09 2.83E-09 3.94E-09 3.64E-09
  2.51E-09 2.21E-09 1.81E-09 2.75E-09 1.36E-09 1.70E-09 2.66E-09 1.76E-09
  2.10E-09 1.34E-09 1.84E-09 1.98E-09 1.22E-09 2.09E-09 1.08E-06 5.93E-06
 reduced coordinates (array xred) for    4 atoms
       0.000000000000      0.000000000000      0.000000000000
       0.000000000000      0.000000000000      0.500000000000
       0.500000000000      0.500000000000      0.250000000000
       0.500000000000      0.500000000000      0.750000000000
 rms dE/dt=  0.0000E+00; max dE/dt=  0.0000E+00; dE/dt below (all hartree)
    1       0.000000000000      0.000000000000      0.000000000000
    2       0.000000000000      0.000000000000      0.000000000000
    3       0.000000000000      0.000000000000      0.000000000000
    4       0.000000000000      0.000000000000      0.000000000000

 cartesian coordinates (angstrom) at end:
    1      0.00000000000000     0.00000000000000     0.00000000000000
    2      2.09554174601640     2.09554174601640     0.00000000000000
    3      2.09554174601640     2.09554174601640     2.09554174601640
    4      4.19108349203280     4.19108349203280     2.09554174601640

 cartesian forces (hartree/bohr) at end:
    1     -0.00000000000000    -0.00000000000000    -0.00000000000000
    2     -0.00000000000000    -0.00000000000000    -0.00000000000000
    3     -0.00000000000000    -0.00000000000000    -0.00000000000000
    4     -0.00000000000000    -0.00000000000000    -0.00000000000000
 frms,max,avg= 0.0000000E+00 0.0000000E+00   0.000E+00  0.000E+00  0.000E+00 h/b

 cartesian forces (eV/Angstrom) at end:
    1     -0.00000000000000    -0.00000000000000    -0.00000000000000
    2     -0.00000000000000    -0.00000000000000    -0.00000000000000
    3     -0.00000000000000    -0.00000000000000    -0.00000000000000
    4     -0.00000000000000    -0.00000000000000    -0.00000000000000
 frms,max,avg= 0.0000000E+00 0.0000000E+00   0.000E+00  0.000E+00  0.000E+00 e/A
 length scales=  7.920000000000  7.920000000000  7.920000000000 bohr
              =  4.191083492033  4.191083492033  4.191083492033 angstroms
 prteigrs : about to open file tdftu_4o_EIG
 Fermi (or HOMO) energy (hartree) =   0.25750   Average Vxc (hartree)=  -0.52658
 Eigenvalues (hartree) for nkpt=   3  k points:
 kpt#   1, nband= 40, wtk=  0.25000, kpt=  0.2500  0.2500  0.2500 (reduced coord)
  -3.49735  -3.42792  -2.13925  -2.13918  -2.13888  -2.07149  -2.07138  -2.07115
  -0.46797  -0.42963  -0.03665  -0.00517   0.01447   0.02872   0.03832   0.05505
   0.06998   0.10128   0.11869   0.12413   0.14731   0.14849   0.17457   0.17605
   0.33894   0.36023   0.41139   0.53298   0.57524   0.64201   0.72138   0.78494
   0.79562   0.84927   0.93464   1.04349   1.11128   1.13074   1.21704   1.23706
      occupation numbers for kpt#   1
   2.00000   2.00000   2.00000   2.00000   2.00000   2.00000   2.00000   2.00000
   2.00000   2.00000   2.00000   2.00000   2.00000   2.00000   2.00000   2.00000
   2.00000   2.00000   2.00000   2.00000   2.00000   2.00000   2.00000   2.00000
   0.00000   0.00000   0.00000   0.00000   0.00000   0.00000   0.00000   0.00000
   0.00000   0.00000   0.00000   0.00000   0.00000   0.00000   0.00000   0.00000
 kpt#   2, nband= 40, wtk=  0.50000, kpt= -0.2500  0.2500  0.2500 (reduced coord)
  -3.49731  -3.42788  -2.13957  -2.13919  -2.13910  -2.07189  -2.07149  -2.07124
  -0.43727  -0.42699  -0.03504  -0.01739   0.00168   0.01497   0.03359   0.04131
   0.07444   0.08357   0.10457   0.13722   0.13919   0.15035   0.16698   0.17230
   0.35074   0.36641   0.50029   0.53226   0.59963   0.60808   0.64076   0.66895
   0.76988   0.78562   0.99077   1.00953   1.14508   1.18288   1.22750   1.32693
      occupation numbers for kpt#   2
   2.00000   2.00000   2.00000   2.00000   2.00000   2.00000   2.00000   2.00000
   2.00000   2.00000   2.00000   2.00000   2.00000   2.00000   2.00000   2.00000
   2.00000   2.00000   2.00000   2.00000   2.00000   2.00000   2.00000   2.00000
   0.00000   0.00000   0.00000   0.00000   0.00000   0.00000   0.00000   0.00000
   0.00000   0.00000   0.00000   0.00000   0.00000   0.00000   0.00000   0.00000
 kpt#   3, nband= 40, wtk=  0.25000, kpt= -0.2500 -0.2500  0.2500 (reduced coord)
  -3.49735  -3.42792  -2.13918  -2.13906  -2.13889  -2.07149  -2.07121  -2.07116
  -0.45456  -0.44498  -0.02590  -0.01419   0.01703   0.02990   0.03912   0.05665
   0.07132   0.09175   0.11607   0.12882   0.14368   0.14886   0.17498   0.17935
   0.34001   0.36197   0.43653   0.48080   0.63935   0.65713   0.70254   0.73686
   0.81437   0.82563   0.88905   1.04799   1.06047   1.19758   1.29490   1.31194
      occupation numbers for kpt#   3
   2.00000   2.00000   2.00000   2.00000   2.00000   2.00000   2.00000   2.00000
   2.00000   2.00000   2.00000   2.00000   2.00000   2.00000   2.00000   2.00000
   2.00000   2.00000   2.00000   2.00000   2.00000   2.00000   2.00000   2.00000
